TRUSS REPORT 
 
Reactions (in Fx Fy Fz): 
Reaction at 0: ((0, 5.51, 0) 
Reaction at 1: ((0, 5.51, 0) 
Reaction at 5: ((0, 5.51, 0) 
Reaction at 6: ((0, 5.51, 0) 
UID 	 Joint 1 	 	 Joint 2 	 	 Length 	 Force 	 	 Max T/C Force 	 FOS 	 
0-8: 	 (0.000, 0.000, 0.000) 	 (0.425, 0.000, 0.000) 	 4.250 	 	 3.380 (T) 	 26.600  	 7.870	 VALID
1-9: 	 (0.000, 0.000, 0.400) 	 (0.425, 0.000, 0.400) 	 4.250 	 	 3.380 (T) 	 26.600  	 7.870	 VALID
2-10: 	 (0.000, 0.346, 0.200) 	 (0.425, 0.346, 0.200) 	 4.250 	 	 -6.760 (C) 	 0.800  	 0.118	 INVALID
0-2: 	 (0.000, 0.000, 0.000) 	 (0.000, 0.346, 0.200) 	 4.000 	 	 -3.180 (C) 	 0.900  	 0.283	 INVALID
2-1: 	 (0.000, 0.346, 0.200) 	 (0.000, 0.000, 0.400) 	 4.000 	 	 -3.180 (C) 	 0.900  	 0.283	 INVALID
1-0: 	 (0.000, 0.000, 0.400) 	 (0.000, 0.000, 0.000) 	 4.000 	 	 3.180 (T) 	 26.600  	 8.365	 VALID
0-3: 	 (0.000, 0.000, 0.000) 	 (0.212, 0.173, 0.100) 	 2.917 	 	 -4.640 (C) 	 8.048  	 1.735	 INVALID
3-8: 	 (0.212, 0.173, 0.100) 	 (0.425, 0.000, 0.000) 	 2.917 	 	 4.640 (T) 	 39.800  	 8.578	 VALID
2-3: 	 (0.000, 0.346, 0.200) 	 (0.212, 0.173, 0.100) 	 2.919 	 	 4.640 (T) 	 39.800  	 8.578	 VALID
3-10: 	 (0.212, 0.173, 0.100) 	 (0.425, 0.346, 0.200) 	 2.919 	 	 -4.640 (C) 	 8.033  	 1.731	 INVALID
1-4: 	 (0.000, 0.000, 0.400) 	 (0.212, 0.173, 0.300) 	 2.917 	 	 -4.640 (C) 	 8.048  	 1.735	 INVALID
4-9: 	 (0.212, 0.173, 0.300) 	 (0.425, 0.000, 0.400) 	 2.917 	 	 4.640 (T) 	 39.800  	 8.578	 VALID
2-4: 	 (0.000, 0.346, 0.200) 	 (0.212, 0.173, 0.300) 	 2.919 	 	 4.640 (T) 	 39.800  	 8.578	 VALID
4-10: 	 (0.212, 0.173, 0.300) 	 (0.425, 0.346, 0.200) 	 2.919 	 	 -4.640 (C) 	 8.033  	 1.731	 INVALID
8-13: 	 (0.425, 0.000, 0.000) 	 (0.850, 0.000, 0.000) 	 4.250 	 	 10.140 (T) 	 26.600  	 2.623	 VALID
9-14: 	 (0.425, 0.000, 0.400) 	 (0.850, 0.000, 0.400) 	 4.250 	 	 10.140 (T) 	 26.600  	 2.623	 VALID
10-15: 	 (0.425, 0.346, 0.200) 	 (0.850, 0.346, 0.200) 	 4.250 	 	 -20.270 (C) 	 0.800  	 0.039	 INVALID
8-10: 	 (0.425, 0.000, 0.000) 	 (0.425, 0.346, 0.200) 	 4.000 	 	 0.000   	 N/A 	 	 Inf  	 ZERO-FORCE 
10-9: 	 (0.425, 0.346, 0.200) 	 (0.425, 0.000, 0.400) 	 4.000 	 	 0.000   	 N/A 	 	 Inf  	 ZERO-FORCE 
9-8: 	 (0.425, 0.000, 0.400) 	 (0.425, 0.000, 0.000) 	 4.000 	 	 0.000   	 N/A 	 	 Inf  	 ZERO-FORCE 
8-11: 	 (0.425, 0.000, 0.000) 	 (0.637, 0.173, 0.100) 	 2.917 	 	 -4.640 (C) 	 8.048  	 1.735	 INVALID
11-13: 	 (0.637, 0.173, 0.100) 	 (0.850, 0.000, 0.000) 	 2.917 	 	 4.640 (T) 	 39.800  	 8.578	 VALID
10-11: 	 (0.425, 0.346, 0.200) 	 (0.637, 0.173, 0.100) 	 2.919 	 	 4.640 (T) 	 39.800  	 8.578	 VALID
11-15: 	 (0.637, 0.173, 0.100) 	 (0.850, 0.346, 0.200) 	 2.919 	 	 -4.640 (C) 	 8.033  	 1.731	 INVALID
9-12: 	 (0.425, 0.000, 0.400) 	 (0.637, 0.173, 0.300) 	 2.917 	 	 -4.640 (C) 	 8.048  	 1.735	 INVALID
12-14: 	 (0.637, 0.173, 0.300) 	 (0.850, 0.000, 0.400) 	 2.917 	 	 4.640 (T) 	 39.800  	 8.578	 VALID
10-12: 	 (0.425, 0.346, 0.200) 	 (0.637, 0.173, 0.300) 	 2.919 	 	 4.640 (T) 	 39.800  	 8.578	 VALID
12-15: 	 (0.637, 0.173, 0.300) 	 (0.850, 0.346, 0.200) 	 2.919 	 	 -4.640 (C) 	 8.033  	 1.731	 INVALID
13-18: 	 (0.850, 0.000, 0.000) 	 (1.275, 0.000, 0.000) 	 4.250 	 	 16.890 (T) 	 26.600  	 1.575	 INVALID
14-19: 	 (0.850, 0.000, 0.400) 	 (1.275, 0.000, 0.400) 	 4.250 	 	 16.890 (T) 	 26.600  	 1.575	 INVALID
15-20: 	 (0.850, 0.346, 0.200) 	 (1.275, 0.346, 0.200) 	 4.250 	 	 -33.790 (C) 	 0.800  	 0.024	 INVALID
13-15: 	 (0.850, 0.000, 0.000) 	 (0.850, 0.346, 0.200) 	 4.000 	 	 0.000   	 N/A 	 	 Inf  	 ZERO-FORCE 
15-14: 	 (0.850, 0.346, 0.200) 	 (0.850, 0.000, 0.400) 	 4.000 	 	 0.000   	 N/A 	 	 Inf  	 ZERO-FORCE 
14-13: 	 (0.850, 0.000, 0.400) 	 (0.850, 0.000, 0.000) 	 4.000 	 	 0.000   	 N/A 	 	 Inf  	 ZERO-FORCE 
13-16: 	 (0.850, 0.000, 0.000) 	 (1.062, 0.173, 0.100) 	 2.917 	 	 -4.640 (C) 	 8.048  	 1.735	 INVALID
16-18: 	 (1.062, 0.173, 0.100) 	 (1.275, 0.000, 0.000) 	 2.917 	 	 4.640 (T) 	 39.800  	 8.578	 VALID
15-16: 	 (0.850, 0.346, 0.200) 	 (1.062, 0.173, 0.100) 	 2.919 	 	 4.640 (T) 	 39.800  	 8.578	 VALID
16-20: 	 (1.062, 0.173, 0.100) 	 (1.275, 0.346, 0.200) 	 2.919 	 	 -4.640 (C) 	 8.033  	 1.731	 INVALID
14-17: 	 (0.850, 0.000, 0.400) 	 (1.062, 0.173, 0.300) 	 2.917 	 	 -4.640 (C) 	 8.048  	 1.735	 INVALID
17-19: 	 (1.062, 0.173, 0.300) 	 (1.275, 0.000, 0.400) 	 2.917 	 	 4.640 (T) 	 39.800  	 8.578	 VALID
15-17: 	 (0.850, 0.346, 0.200) 	 (1.062, 0.173, 0.300) 	 2.919 	 	 4.640 (T) 	 39.800  	 8.578	 VALID
17-20: 	 (1.062, 0.173, 0.300) 	 (1.275, 0.346, 0.200) 	 2.919 	 	 -4.640 (C) 	 8.033  	 1.731	 INVALID
18-23: 	 (1.275, 0.000, 0.000) 	 (1.700, 0.000, 0.000) 	 4.250 	 	 23.650 (T) 	 26.600  	 1.125	 INVALID
19-24: 	 (1.275, 0.000, 0.400) 	 (1.700, 0.000, 0.400) 	 4.250 	 	 23.650 (T) 	 26.600  	 1.125	 INVALID
20-25: 	 (1.275, 0.346, 0.200) 	 (1.700, 0.346, 0.200) 	 4.250 	 	 -47.300 (C) 	 0.800  	 0.017	 INVALID
18-20: 	 (1.275, 0.000, 0.000) 	 (1.275, 0.346, 0.200) 	 4.000 	 	 0.000   	 N/A 	 	 Inf  	 ZERO-FORCE 
20-19: 	 (1.275, 0.346, 0.200) 	 (1.275, 0.000, 0.400) 	 4.000 	 	 0.000   	 N/A 	 	 Inf  	 ZERO-FORCE 
19-18: 	 (1.275, 0.000, 0.400) 	 (1.275, 0.000, 0.000) 	 4.000 	 	 0.000   	 N/A 	 	 Inf  	 ZERO-FORCE 
18-21: 	 (1.275, 0.000, 0.000) 	 (1.487, 0.173, 0.100) 	 2.917 	 	 -4.640 (C) 	 8.048  	 1.735	 INVALID
21-23: 	 (1.487, 0.173, 0.100) 	 (1.700, 0.000, 0.000) 	 2.917 	 	 4.640 (T) 	 39.800  	 8.578	 VALID
20-21: 	 (1.275, 0.346, 0.200) 	 (1.487, 0.173, 0.100) 	 2.919 	 	 4.640 (T) 	 39.800  	 8.578	 VALID
21-25: 	 (1.487, 0.173, 0.100) 	 (1.700, 0.346, 0.200) 	 2.919 	 	 -4.640 (C) 	 8.033  	 1.731	 INVALID
19-22: 	 (1.275, 0.000, 0.400) 	 (1.487, 0.173, 0.300) 	 2.917 	 	 -4.640 (C) 	 8.048  	 1.735	 INVALID
22-24: 	 (1.487, 0.173, 0.300) 	 (1.700, 0.000, 0.400) 	 2.917 	 	 4.640 (T) 	 39.800  	 8.578	 VALID
20-22: 	 (1.275, 0.346, 0.200) 	 (1.487, 0.173, 0.300) 	 2.919 	 	 4.640 (T) 	 39.800  	 8.578	 VALID
22-25: 	 (1.487, 0.173, 0.300) 	 (1.700, 0.346, 0.200) 	 2.919 	 	 -4.640 (C) 	 8.033  	 1.731	 INVALID
23-28: 	 (1.700, 0.000, 0.000) 	 (2.125, 0.000, 0.000) 	 4.250 	 	 23.650 (T) 	 26.600  	 1.125	 INVALID
24-29: 	 (1.700, 0.000, 0.400) 	 (2.125, 0.000, 0.400) 	 4.250 	 	 23.650 (T) 	 26.600  	 1.125	 INVALID
25-30: 	 (1.700, 0.346, 0.200) 	 (2.125, 0.346, 0.200) 	 4.250 	 	 -47.300 (C) 	 0.800  	 0.017	 INVALID
23-25: 	 (1.700, 0.000, 0.000) 	 (1.700, 0.346, 0.200) 	 4.000 	 	 -6.350 (C) 	 0.900  	 0.142	 INVALID
25-24: 	 (1.700, 0.346, 0.200) 	 (1.700, 0.000, 0.400) 	 4.000 	 	 -6.350 (C) 	 0.900  	 0.142	 INVALID
24-23: 	 (1.700, 0.000, 0.400) 	 (1.700, 0.000, 0.000) 	 4.000 	 	 0.000   	 N/A 	 	 Inf  	 ZERO-FORCE 
23-26: 	 (1.700, 0.000, 0.000) 	 (1.912, 0.173, 0.100) 	 2.917 	 	 4.640 (T) 	 39.800  	 8.578	 VALID
26-28: 	 (1.912, 0.173, 0.100) 	 (2.125, 0.000, 0.000) 	 2.917 	 	 -4.640 (C) 	 8.048  	 1.735	 INVALID
25-26: 	 (1.700, 0.346, 0.200) 	 (1.912, 0.173, 0.100) 	 2.919 	 	 -4.640 (C) 	 8.033  	 1.731	 INVALID
26-30: 	 (1.912, 0.173, 0.100) 	 (2.125, 0.346, 0.200) 	 2.919 	 	 4.640 (T) 	 39.800  	 8.578	 VALID
24-27: 	 (1.700, 0.000, 0.400) 	 (1.912, 0.173, 0.300) 	 2.917 	 	 4.640 (T) 	 39.800  	 8.578	 VALID
27-29: 	 (1.912, 0.173, 0.300) 	 (2.125, 0.000, 0.400) 	 2.917 	 	 -4.640 (C) 	 8.048  	 1.735	 INVALID
25-27: 	 (1.700, 0.346, 0.200) 	 (1.912, 0.173, 0.300) 	 2.919 	 	 -4.640 (C) 	 8.033  	 1.731	 INVALID
27-30: 	 (1.912, 0.173, 0.300) 	 (2.125, 0.346, 0.200) 	 2.919 	 	 4.640 (T) 	 39.800  	 8.578	 VALID
28-33: 	 (2.125, 0.000, 0.000) 	 (2.550, 0.000, 0.000) 	 4.250 	 	 16.890 (T) 	 26.600  	 1.575	 INVALID
29-34: 	 (2.125, 0.000, 0.400) 	 (2.550, 0.000, 0.400) 	 4.250 	 	 16.890 (T) 	 26.600  	 1.575	 INVALID
30-35: 	 (2.125, 0.346, 0.200) 	 (2.550, 0.346, 0.200) 	 4.250 	 	 -33.790 (C) 	 0.800  	 0.024	 INVALID
28-30: 	 (2.125, 0.000, 0.000) 	 (2.125, 0.346, 0.200) 	 4.000 	 	 0.000   	 N/A 	 	 Inf  	 ZERO-FORCE 
30-29: 	 (2.125, 0.346, 0.200) 	 (2.125, 0.000, 0.400) 	 4.000 	 	 0.000   	 N/A 	 	 Inf  	 ZERO-FORCE 
29-28: 	 (2.125, 0.000, 0.400) 	 (2.125, 0.000, 0.000) 	 4.000 	 	 0.000   	 N/A 	 	 Inf  	 ZERO-FORCE 
28-31: 	 (2.125, 0.000, 0.000) 	 (2.337, 0.173, 0.100) 	 2.917 	 	 4.640 (T) 	 39.800  	 8.578	 VALID
31-33: 	 (2.337, 0.173, 0.100) 	 (2.550, 0.000, 0.000) 	 2.917 	 	 -4.640 (C) 	 8.048  	 1.735	 INVALID
30-31: 	 (2.125, 0.346, 0.200) 	 (2.337, 0.173, 0.100) 	 2.919 	 	 -4.640 (C) 	 8.033  	 1.731	 INVALID
31-35: 	 (2.337, 0.173, 0.100) 	 (2.550, 0.346, 0.200) 	 2.919 	 	 4.640 (T) 	 39.800  	 8.578	 VALID
29-32: 	 (2.125, 0.000, 0.400) 	 (2.337, 0.173, 0.300) 	 2.917 	 	 4.640 (T) 	 39.800  	 8.578	 VALID
32-34: 	 (2.337, 0.173, 0.300) 	 (2.550, 0.000, 0.400) 	 2.917 	 	 -4.640 (C) 	 8.048  	 1.735	 INVALID
30-32: 	 (2.125, 0.346, 0.200) 	 (2.337, 0.173, 0.300) 	 2.919 	 	 -4.640 (C) 	 8.033  	 1.731	 INVALID
32-35: 	 (2.337, 0.173, 0.300) 	 (2.550, 0.346, 0.200) 	 2.919 	 	 4.640 (T) 	 39.800  	 8.578	 VALID
33-38: 	 (2.550, 0.000, 0.000) 	 (2.975, 0.000, 0.000) 	 4.250 	 	 10.140 (T) 	 26.600  	 2.623	 VALID
34-39: 	 (2.550, 0.000, 0.400) 	 (2.975, 0.000, 0.400) 	 4.250 	 	 10.140 (T) 	 26.600  	 2.623	 VALID
35-40: 	 (2.550, 0.346, 0.200) 	 (2.975, 0.346, 0.200) 	 4.250 	 	 -20.270 (C) 	 0.800  	 0.039	 INVALID
33-35: 	 (2.550, 0.000, 0.000) 	 (2.550, 0.346, 0.200) 	 4.000 	 	 0.000   	 N/A 	 	 Inf  	 ZERO-FORCE 
35-34: 	 (2.550, 0.346, 0.200) 	 (2.550, 0.000, 0.400) 	 4.000 	 	 0.000   	 N/A 	 	 Inf  	 ZERO-FORCE 
34-33: 	 (2.550, 0.000, 0.400) 	 (2.550, 0.000, 0.000) 	 4.000 	 	 0.000   	 N/A 	 	 Inf  	 ZERO-FORCE 
33-36: 	 (2.550, 0.000, 0.000) 	 (2.762, 0.173, 0.100) 	 2.917 	 	 4.640 (T) 	 39.800  	 8.578	 VALID
36-38: 	 (2.762, 0.173, 0.100) 	 (2.975, 0.000, 0.000) 	 2.917 	 	 -4.640 (C) 	 8.048  	 1.735	 INVALID
35-36: 	 (2.550, 0.346, 0.200) 	 (2.762, 0.173, 0.100) 	 2.919 	 	 -4.640 (C) 	 8.033  	 1.731	 INVALID
36-40: 	 (2.762, 0.173, 0.100) 	 (2.975, 0.346, 0.200) 	 2.919 	 	 4.640 (T) 	 39.800  	 8.578	 VALID
34-37: 	 (2.550, 0.000, 0.400) 	 (2.762, 0.173, 0.300) 	 2.917 	 	 4.640 (T) 	 39.800  	 8.578	 VALID
37-39: 	 (2.762, 0.173, 0.300) 	 (2.975, 0.000, 0.400) 	 2.917 	 	 -4.640 (C) 	 8.048  	 1.735	 INVALID
35-37: 	 (2.550, 0.346, 0.200) 	 (2.762, 0.173, 0.300) 	 2.919 	 	 -4.640 (C) 	 8.033  	 1.731	 INVALID
37-40: 	 (2.762, 0.173, 0.300) 	 (2.975, 0.346, 0.200) 	 2.919 	 	 4.640 (T) 	 39.800  	 8.578	 VALID
38-5: 	 (2.975, 0.000, 0.000) 	 (3.400, 0.000, 0.000) 	 4.250 	 	 3.380 (T) 	 26.600  	 7.870	 VALID
39-6: 	 (2.975, 0.000, 0.400) 	 (3.400, 0.000, 0.400) 	 4.250 	 	 3.380 (T) 	 26.600  	 7.870	 VALID
40-7: 	 (2.975, 0.346, 0.200) 	 (3.400, 0.346, 0.200) 	 4.250 	 	 -6.760 (C) 	 0.800  	 0.118	 INVALID
38-40: 	 (2.975, 0.000, 0.000) 	 (2.975, 0.346, 0.200) 	 4.000 	 	 0.000   	 N/A 	 	 Inf  	 ZERO-FORCE 
40-39: 	 (2.975, 0.346, 0.200) 	 (2.975, 0.000, 0.400) 	 4.000 	 	 0.000   	 N/A 	 	 Inf  	 ZERO-FORCE 
39-38: 	 (2.975, 0.000, 0.400) 	 (2.975, 0.000, 0.000) 	 4.000 	 	 0.000   	 N/A 	 	 Inf  	 ZERO-FORCE 
38-41: 	 (2.975, 0.000, 0.000) 	 (3.188, 0.173, 0.100) 	 2.917 	 	 4.640 (T) 	 39.800  	 8.578	 VALID
41-5: 	 (3.188, 0.173, 0.100) 	 (3.400, 0.000, 0.000) 	 2.917 	 	 -4.640 (C) 	 8.048  	 1.735	 INVALID
40-41: 	 (2.975, 0.346, 0.200) 	 (3.188, 0.173, 0.100) 	 2.919 	 	 -4.640 (C) 	 8.033  	 1.731	 INVALID
41-7: 	 (3.188, 0.173, 0.100) 	 (3.400, 0.346, 0.200) 	 2.919 	 	 4.640 (T) 	 39.800  	 8.578	 VALID
39-42: 	 (2.975, 0.000, 0.400) 	 (3.188, 0.173, 0.300) 	 2.917 	 	 4.640 (T) 	 39.800  	 8.578	 VALID
42-6: 	 (3.188, 0.173, 0.300) 	 (3.400, 0.000, 0.400) 	 2.917 	 	 -4.640 (C) 	 8.048  	 1.735	 INVALID
40-42: 	 (2.975, 0.346, 0.200) 	 (3.188, 0.173, 0.300) 	 2.919 	 	 -4.640 (C) 	 8.033  	 1.731	 INVALID
42-7: 	 (3.188, 0.173, 0.300) 	 (3.400, 0.346, 0.200) 	 2.919 	 	 4.640 (T) 	 39.800  	 8.578	 VALID
5-7: 	 (3.400, 0.000, 0.000) 	 (3.400, 0.346, 0.200) 	 4.000 	 	 -3.180 (C) 	 0.900  	 0.283	 INVALID
7-6: 	 (3.400, 0.346, 0.200) 	 (3.400, 0.000, 0.400) 	 4.000 	 	 -3.180 (C) 	 0.900  	 0.283	 INVALID
6-5: 	 (3.400, 0.000, 0.400) 	 (3.400, 0.000, 0.000) 	 4.000 	 	 3.180 (T) 	 26.600  	 8.365	 VALID

 
Cost Analysis: 
Airplane Glue: $7500 
Strip Type 1: 28.0 36-inch strips needed, costs $28000.0 
Strip Type 2: 0.0 36-inch strips needed, costs $0.0 
Strip Type 3: 0.0 36-inch strips needed, costs $0.0 
Type 1: 1/16 Strip | Type 2: 1/8 Strip | Type 3: 3/16 Strip 
Gusset Plate Sheets 1 needed, costs $5000 
Total Cost: $40500.0