TRUSS REPORT 
 
Reactions (in Fx Fy Fz): 
Reaction at 0: ((0, 5.51, 0) 
Reaction at 1: ((0, 5.51, 0) 
Reaction at 5: ((0, 5.51, 0) 
Reaction at 6: ((0, 5.51, 0) 
UID 	 Joint 1 	 	 Joint 2 	 	 Length 	 Force 	 	 Max T/C Force 	 FOS 	 
0-8: 	 (0.000, 0.000, 0.000) 	 (0.340, 0.000, 0.000) 	 3.400 	 	 2.700 (T) 	 26.600  	 9.852	 VALID
1-9: 	 (0.000, 0.000, 0.400) 	 (0.340, 0.000, 0.400) 	 3.400 	 	 2.700 (T) 	 26.600  	 9.852	 VALID
2-10: 	 (0.000, 0.346, 0.200) 	 (0.340, 0.346, 0.200) 	 3.400 	 	 -5.410 (C) 	 21.120  	 3.904	 VALID
0-2: 	 (0.000, 0.000, 0.000) 	 (0.000, 0.346, 0.200) 	 4.000 	 	 -3.180 (C) 	 7.500  	 2.359	 VALID
2-1: 	 (0.000, 0.346, 0.200) 	 (0.000, 0.000, 0.400) 	 4.000 	 	 -3.180 (C) 	 7.500  	 2.359	 VALID
1-0: 	 (0.000, 0.000, 0.400) 	 (0.000, 0.000, 0.000) 	 4.000 	 	 3.180 (T) 	 53.100  	 16.698	 VALID
8-13: 	 (0.340, 0.000, 0.000) 	 (0.680, 0.000, 0.000) 	 3.400 	 	 8.110 (T) 	 26.600  	 3.280	 VALID
9-14: 	 (0.340, 0.000, 0.400) 	 (0.680, 0.000, 0.400) 	 3.400 	 	 8.110 (T) 	 26.600  	 3.280	 VALID
10-15: 	 (0.340, 0.346, 0.200) 	 (0.680, 0.346, 0.200) 	 3.400 	 	 -16.220 (C) 	 94.900  	 5.851	 VALID
8-10: 	 (0.340, 0.000, 0.000) 	 (0.340, 0.346, 0.200) 	 4.000 	 	 0.000   	 N/A 	 	 Inf  	 ZERO-FORCE 
10-9: 	 (0.340, 0.346, 0.200) 	 (0.340, 0.000, 0.400) 	 4.000 	 	 0.000   	 N/A 	 	 Inf  	 ZERO-FORCE 
9-8: 	 (0.340, 0.000, 0.400) 	 (0.340, 0.000, 0.000) 	 4.000 	 	 0.000   	 N/A 	 	 Inf  	 ZERO-FORCE 
13-18: 	 (0.680, 0.000, 0.000) 	 (1.020, 0.000, 0.000) 	 3.400 	 	 13.520 (T) 	 39.800  	 2.944	 VALID
14-19: 	 (0.680, 0.000, 0.400) 	 (1.020, 0.000, 0.400) 	 3.400 	 	 13.520 (T) 	 39.800  	 2.944	 VALID
15-20: 	 (0.680, 0.346, 0.200) 	 (1.020, 0.346, 0.200) 	 3.400 	 	 -27.030 (C) 	 94.900  	 3.511	 VALID
13-15: 	 (0.680, 0.000, 0.000) 	 (0.680, 0.346, 0.200) 	 4.000 	 	 0.000   	 N/A 	 	 Inf  	 ZERO-FORCE 
15-14: 	 (0.680, 0.346, 0.200) 	 (0.680, 0.000, 0.400) 	 4.000 	 	 0.000   	 N/A 	 	 Inf  	 ZERO-FORCE 
14-13: 	 (0.680, 0.000, 0.400) 	 (0.680, 0.000, 0.000) 	 4.000 	 	 0.000   	 N/A 	 	 Inf  	 ZERO-FORCE 
18-23: 	 (1.020, 0.000, 0.000) 	 (1.360, 0.000, 0.000) 	 3.400 	 	 18.920 (T) 	 39.800  	 2.104	 VALID
19-24: 	 (1.020, 0.000, 0.400) 	 (1.360, 0.000, 0.400) 	 3.400 	 	 18.920 (T) 	 39.800  	 2.104	 VALID
20-25: 	 (1.020, 0.346, 0.200) 	 (1.360, 0.346, 0.200) 	 3.400 	 	 -37.840 (C) 	 94.900  	 2.508	 VALID
18-20: 	 (1.020, 0.000, 0.000) 	 (1.020, 0.346, 0.200) 	 4.000 	 	 0.000   	 N/A 	 	 Inf  	 ZERO-FORCE 
20-19: 	 (1.020, 0.346, 0.200) 	 (1.020, 0.000, 0.400) 	 4.000 	 	 0.000   	 N/A 	 	 Inf  	 ZERO-FORCE 
19-18: 	 (1.020, 0.000, 0.400) 	 (1.020, 0.000, 0.000) 	 4.000 	 	 0.000   	 N/A 	 	 Inf  	 ZERO-FORCE 
23-28: 	 (1.360, 0.000, 0.000) 	 (1.700, 0.000, 0.000) 	 3.400 	 	 24.330 (T) 	 53.100  	 2.182	 VALID
24-29: 	 (1.360, 0.000, 0.400) 	 (1.700, 0.000, 0.400) 	 3.400 	 	 24.330 (T) 	 53.100  	 2.182	 VALID
25-30: 	 (1.360, 0.346, 0.200) 	 (1.700, 0.346, 0.200) 	 3.400 	 	 -48.650 (C) 	 168.420  	 3.462	 VALID
23-25: 	 (1.360, 0.000, 0.000) 	 (1.360, 0.346, 0.200) 	 4.000 	 	 0.000   	 N/A 	 	 Inf  	 ZERO-FORCE 
25-24: 	 (1.360, 0.346, 0.200) 	 (1.360, 0.000, 0.400) 	 4.000 	 	 0.000   	 N/A 	 	 Inf  	 ZERO-FORCE 
24-23: 	 (1.360, 0.000, 0.400) 	 (1.360, 0.000, 0.000) 	 4.000 	 	 0.000   	 N/A 	 	 Inf  	 ZERO-FORCE 
28-33: 	 (1.700, 0.000, 0.000) 	 (2.040, 0.000, 0.000) 	 3.400 	 	 24.330 (T) 	 53.100  	 2.182	 VALID
29-34: 	 (1.700, 0.000, 0.400) 	 (2.040, 0.000, 0.400) 	 3.400 	 	 24.330 (T) 	 53.100  	 2.182	 VALID
30-35: 	 (1.700, 0.346, 0.200) 	 (2.040, 0.346, 0.200) 	 3.400 	 	 -48.650 (C) 	 168.420  	 3.462	 VALID
28-30: 	 (1.700, 0.000, 0.000) 	 (1.700, 0.346, 0.200) 	 4.000 	 	 -6.350 (C) 	 15.101  	 2.378	 VALID
30-29: 	 (1.700, 0.346, 0.200) 	 (1.700, 0.000, 0.400) 	 4.000 	 	 -6.350 (C) 	 15.101  	 2.378	 VALID
29-28: 	 (1.700, 0.000, 0.400) 	 (1.700, 0.000, 0.000) 	 4.000 	 	 0.000   	 N/A 	 	 Inf  	 ZERO-FORCE 
33-38: 	 (2.040, 0.000, 0.000) 	 (2.380, 0.000, 0.000) 	 3.400 	 	 18.920 (T) 	 39.800  	 2.104	 VALID
34-39: 	 (2.040, 0.000, 0.400) 	 (2.380, 0.000, 0.400) 	 3.400 	 	 18.920 (T) 	 39.800  	 2.104	 VALID
35-40: 	 (2.040, 0.346, 0.200) 	 (2.380, 0.346, 0.200) 	 3.400 	 	 -37.840 (C) 	 94.900  	 2.508	 VALID
33-35: 	 (2.040, 0.000, 0.000) 	 (2.040, 0.346, 0.200) 	 4.000 	 	 0.000   	 N/A 	 	 Inf  	 ZERO-FORCE 
35-34: 	 (2.040, 0.346, 0.200) 	 (2.040, 0.000, 0.400) 	 4.000 	 	 0.000   	 N/A 	 	 Inf  	 ZERO-FORCE 
34-33: 	 (2.040, 0.000, 0.400) 	 (2.040, 0.000, 0.000) 	 4.000 	 	 0.000   	 N/A 	 	 Inf  	 ZERO-FORCE 
38-43: 	 (2.380, 0.000, 0.000) 	 (2.720, 0.000, 0.000) 	 3.400 	 	 13.520 (T) 	 39.800  	 2.944	 VALID
39-44: 	 (2.380, 0.000, 0.400) 	 (2.720, 0.000, 0.400) 	 3.400 	 	 13.520 (T) 	 39.800  	 2.944	 VALID
40-45: 	 (2.380, 0.346, 0.200) 	 (2.720, 0.346, 0.200) 	 3.400 	 	 -27.030 (C) 	 94.900  	 3.511	 VALID
38-40: 	 (2.380, 0.000, 0.000) 	 (2.380, 0.346, 0.200) 	 4.000 	 	 0.000   	 N/A 	 	 Inf  	 ZERO-FORCE 
40-39: 	 (2.380, 0.346, 0.200) 	 (2.380, 0.000, 0.400) 	 4.000 	 	 0.000   	 N/A 	 	 Inf  	 ZERO-FORCE 
39-38: 	 (2.380, 0.000, 0.400) 	 (2.380, 0.000, 0.000) 	 4.000 	 	 0.000   	 N/A 	 	 Inf  	 ZERO-FORCE 
43-48: 	 (2.720, 0.000, 0.000) 	 (3.060, 0.000, 0.000) 	 3.400 	 	 8.110 (T) 	 26.600  	 3.280	 VALID
44-49: 	 (2.720, 0.000, 0.400) 	 (3.060, 0.000, 0.400) 	 3.400 	 	 8.110 (T) 	 26.600  	 3.280	 VALID
45-50: 	 (2.720, 0.346, 0.200) 	 (3.060, 0.346, 0.200) 	 3.400 	 	 -16.220 (C) 	 94.900  	 5.851	 VALID
43-45: 	 (2.720, 0.000, 0.000) 	 (2.720, 0.346, 0.200) 	 4.000 	 	 0.000   	 N/A 	 	 Inf  	 ZERO-FORCE 
45-44: 	 (2.720, 0.346, 0.200) 	 (2.720, 0.000, 0.400) 	 4.000 	 	 0.000   	 N/A 	 	 Inf  	 ZERO-FORCE 
44-43: 	 (2.720, 0.000, 0.400) 	 (2.720, 0.000, 0.000) 	 4.000 	 	 0.000   	 N/A 	 	 Inf  	 ZERO-FORCE 
48-5: 	 (3.060, 0.000, 0.000) 	 (3.400, 0.000, 0.000) 	 3.400 	 	 2.700 (T) 	 26.600  	 9.852	 VALID
49-6: 	 (3.060, 0.000, 0.400) 	 (3.400, 0.000, 0.400) 	 3.400 	 	 2.700 (T) 	 26.600  	 9.852	 VALID
50-7: 	 (3.060, 0.346, 0.200) 	 (3.400, 0.346, 0.200) 	 3.400 	 	 -5.410 (C) 	 21.120  	 3.904	 VALID
48-50: 	 (3.060, 0.000, 0.000) 	 (3.060, 0.346, 0.200) 	 4.000 	 	 0.000   	 N/A 	 	 Inf  	 ZERO-FORCE 
50-49: 	 (3.060, 0.346, 0.200) 	 (3.060, 0.000, 0.400) 	 4.000 	 	 0.000   	 N/A 	 	 Inf  	 ZERO-FORCE 
49-48: 	 (3.060, 0.000, 0.400) 	 (3.060, 0.000, 0.000) 	 4.000 	 	 0.000   	 N/A 	 	 Inf  	 ZERO-FORCE 
0-3: 	 (0.000, 0.000, 0.000) 	 (0.170, 0.173, 0.100) 	 2.624 	 	 -4.170 (C) 	 9.985  	 2.394	 VALID
3-8: 	 (0.170, 0.173, 0.100) 	 (0.340, 0.000, 0.000) 	 2.624 	 	 4.170 (T) 	 26.600  	 6.379	 VALID
2-3: 	 (0.000, 0.346, 0.200) 	 (0.170, 0.173, 0.100) 	 2.626 	 	 4.180 (T) 	 26.600  	 6.364	 VALID
3-10: 	 (0.170, 0.173, 0.100) 	 (0.340, 0.346, 0.200) 	 2.626 	 	 -4.180 (C) 	 9.967  	 2.385	 VALID
1-4: 	 (0.000, 0.000, 0.400) 	 (0.170, 0.173, 0.300) 	 2.624 	 	 -4.170 (C) 	 9.985  	 2.394	 VALID
4-9: 	 (0.170, 0.173, 0.300) 	 (0.340, 0.000, 0.400) 	 2.624 	 	 4.170 (T) 	 26.600  	 6.379	 VALID
2-4: 	 (0.000, 0.346, 0.200) 	 (0.170, 0.173, 0.300) 	 2.626 	 	 4.180 (T) 	 26.600  	 6.364	 VALID
4-10: 	 (0.170, 0.173, 0.300) 	 (0.340, 0.346, 0.200) 	 2.626 	 	 -4.180 (C) 	 9.967  	 2.385	 VALID
8-11: 	 (0.340, 0.000, 0.000) 	 (0.510, 0.173, 0.100) 	 2.624 	 	 -4.170 (C) 	 9.985  	 2.394	 VALID
11-13: 	 (0.510, 0.173, 0.100) 	 (0.680, 0.000, 0.000) 	 2.624 	 	 4.170 (T) 	 26.600  	 6.379	 VALID
10-11: 	 (0.340, 0.346, 0.200) 	 (0.510, 0.173, 0.100) 	 2.626 	 	 4.180 (T) 	 26.600  	 6.364	 VALID
11-15: 	 (0.510, 0.173, 0.100) 	 (0.680, 0.346, 0.200) 	 2.626 	 	 -4.180 (C) 	 9.967  	 2.385	 VALID
9-12: 	 (0.340, 0.000, 0.400) 	 (0.510, 0.173, 0.300) 	 2.624 	 	 -4.170 (C) 	 9.985  	 2.394	 VALID
12-14: 	 (0.510, 0.173, 0.300) 	 (0.680, 0.000, 0.400) 	 2.624 	 	 4.170 (T) 	 26.600  	 6.379	 VALID
10-12: 	 (0.340, 0.346, 0.200) 	 (0.510, 0.173, 0.300) 	 2.626 	 	 4.180 (T) 	 26.600  	 6.364	 VALID
12-15: 	 (0.510, 0.173, 0.300) 	 (0.680, 0.346, 0.200) 	 2.626 	 	 -4.180 (C) 	 9.967  	 2.385	 VALID
13-16: 	 (0.680, 0.000, 0.000) 	 (0.850, 0.173, 0.100) 	 2.624 	 	 -4.170 (C) 	 9.985  	 2.394	 VALID
16-18: 	 (0.850, 0.173, 0.100) 	 (1.020, 0.000, 0.000) 	 2.624 	 	 4.170 (T) 	 26.600  	 6.379	 VALID
15-16: 	 (0.680, 0.346, 0.200) 	 (0.850, 0.173, 0.100) 	 2.626 	 	 4.180 (T) 	 26.600  	 6.364	 VALID
16-20: 	 (0.850, 0.173, 0.100) 	 (1.020, 0.346, 0.200) 	 2.626 	 	 -4.180 (C) 	 9.967  	 2.385	 VALID
14-17: 	 (0.680, 0.000, 0.400) 	 (0.850, 0.173, 0.300) 	 2.624 	 	 -4.170 (C) 	 9.985  	 2.394	 VALID
17-19: 	 (0.850, 0.173, 0.300) 	 (1.020, 0.000, 0.400) 	 2.624 	 	 4.170 (T) 	 26.600  	 6.379	 VALID
15-17: 	 (0.680, 0.346, 0.200) 	 (0.850, 0.173, 0.300) 	 2.626 	 	 4.180 (T) 	 26.600  	 6.364	 VALID
17-20: 	 (0.850, 0.173, 0.300) 	 (1.020, 0.346, 0.200) 	 2.626 	 	 -4.180 (C) 	 9.967  	 2.385	 VALID
18-21: 	 (1.020, 0.000, 0.000) 	 (1.190, 0.173, 0.100) 	 2.624 	 	 -4.170 (C) 	 9.985  	 2.394	 VALID
21-23: 	 (1.190, 0.173, 0.100) 	 (1.360, 0.000, 0.000) 	 2.624 	 	 4.170 (T) 	 26.600  	 6.379	 VALID
20-21: 	 (1.020, 0.346, 0.200) 	 (1.190, 0.173, 0.100) 	 2.626 	 	 4.180 (T) 	 26.600  	 6.364	 VALID
21-25: 	 (1.190, 0.173, 0.100) 	 (1.360, 0.346, 0.200) 	 2.626 	 	 -4.180 (C) 	 9.967  	 2.385	 VALID
19-22: 	 (1.020, 0.000, 0.400) 	 (1.190, 0.173, 0.300) 	 2.624 	 	 -4.170 (C) 	 9.985  	 2.394	 VALID
22-24: 	 (1.190, 0.173, 0.300) 	 (1.360, 0.000, 0.400) 	 2.624 	 	 4.170 (T) 	 26.600  	 6.379	 VALID
20-22: 	 (1.020, 0.346, 0.200) 	 (1.190, 0.173, 0.300) 	 2.626 	 	 4.180 (T) 	 26.600  	 6.364	 VALID
22-25: 	 (1.190, 0.173, 0.300) 	 (1.360, 0.346, 0.200) 	 2.626 	 	 -4.180 (C) 	 9.967  	 2.385	 VALID
23-26: 	 (1.360, 0.000, 0.000) 	 (1.530, 0.173, 0.100) 	 2.624 	 	 -4.170 (C) 	 9.985  	 2.394	 VALID
26-28: 	 (1.530, 0.173, 0.100) 	 (1.700, 0.000, 0.000) 	 2.624 	 	 4.170 (T) 	 26.600  	 6.379	 VALID
25-26: 	 (1.360, 0.346, 0.200) 	 (1.530, 0.173, 0.100) 	 2.626 	 	 4.180 (T) 	 26.600  	 6.364	 VALID
26-30: 	 (1.530, 0.173, 0.100) 	 (1.700, 0.346, 0.200) 	 2.626 	 	 -4.180 (C) 	 9.967  	 2.385	 VALID
24-27: 	 (1.360, 0.000, 0.400) 	 (1.530, 0.173, 0.300) 	 2.624 	 	 -4.170 (C) 	 9.985  	 2.394	 VALID
27-29: 	 (1.530, 0.173, 0.300) 	 (1.700, 0.000, 0.400) 	 2.624 	 	 4.170 (T) 	 26.600  	 6.379	 VALID
25-27: 	 (1.360, 0.346, 0.200) 	 (1.530, 0.173, 0.300) 	 2.626 	 	 4.180 (T) 	 26.600  	 6.364	 VALID
27-30: 	 (1.530, 0.173, 0.300) 	 (1.700, 0.346, 0.200) 	 2.626 	 	 -4.180 (C) 	 9.967  	 2.385	 VALID
28-31: 	 (1.700, 0.000, 0.000) 	 (1.870, 0.173, 0.100) 	 2.624 	 	 4.170 (T) 	 26.600  	 6.379	 VALID
31-33: 	 (1.870, 0.173, 0.100) 	 (2.040, 0.000, 0.000) 	 2.624 	 	 -4.170 (C) 	 9.985  	 2.394	 VALID
30-31: 	 (1.700, 0.346, 0.200) 	 (1.870, 0.173, 0.100) 	 2.626 	 	 -4.180 (C) 	 9.967  	 2.385	 VALID
31-35: 	 (1.870, 0.173, 0.100) 	 (2.040, 0.346, 0.200) 	 2.626 	 	 4.180 (T) 	 26.600  	 6.364	 VALID
29-32: 	 (1.700, 0.000, 0.400) 	 (1.870, 0.173, 0.300) 	 2.624 	 	 4.170 (T) 	 26.600  	 6.379	 VALID
32-34: 	 (1.870, 0.173, 0.300) 	 (2.040, 0.000, 0.400) 	 2.624 	 	 -4.170 (C) 	 9.985  	 2.394	 VALID
30-32: 	 (1.700, 0.346, 0.200) 	 (1.870, 0.173, 0.300) 	 2.626 	 	 -4.180 (C) 	 9.967  	 2.385	 VALID
32-35: 	 (1.870, 0.173, 0.300) 	 (2.040, 0.346, 0.200) 	 2.626 	 	 4.180 (T) 	 26.600  	 6.364	 VALID
33-36: 	 (2.040, 0.000, 0.000) 	 (2.210, 0.173, 0.100) 	 2.624 	 	 4.170 (T) 	 26.600  	 6.379	 VALID
36-38: 	 (2.210, 0.173, 0.100) 	 (2.380, 0.000, 0.000) 	 2.624 	 	 -4.170 (C) 	 9.985  	 2.394	 VALID
35-36: 	 (2.040, 0.346, 0.200) 	 (2.210, 0.173, 0.100) 	 2.626 	 	 -4.180 (C) 	 9.967  	 2.385	 VALID
36-40: 	 (2.210, 0.173, 0.100) 	 (2.380, 0.346, 0.200) 	 2.626 	 	 4.180 (T) 	 26.600  	 6.364	 VALID
34-37: 	 (2.040, 0.000, 0.400) 	 (2.210, 0.173, 0.300) 	 2.624 	 	 4.170 (T) 	 26.600  	 6.379	 VALID
37-39: 	 (2.210, 0.173, 0.300) 	 (2.380, 0.000, 0.400) 	 2.624 	 	 -4.170 (C) 	 9.985  	 2.394	 VALID
35-37: 	 (2.040, 0.346, 0.200) 	 (2.210, 0.173, 0.300) 	 2.626 	 	 -4.180 (C) 	 9.967  	 2.385	 VALID
37-40: 	 (2.210, 0.173, 0.300) 	 (2.380, 0.346, 0.200) 	 2.626 	 	 4.180 (T) 	 26.600  	 6.364	 VALID
38-41: 	 (2.380, 0.000, 0.000) 	 (2.550, 0.173, 0.100) 	 2.624 	 	 4.170 (T) 	 26.600  	 6.379	 VALID
41-43: 	 (2.550, 0.173, 0.100) 	 (2.720, 0.000, 0.000) 	 2.624 	 	 -4.170 (C) 	 9.985  	 2.394	 VALID
40-41: 	 (2.380, 0.346, 0.200) 	 (2.550, 0.173, 0.100) 	 2.626 	 	 -4.180 (C) 	 9.967  	 2.385	 VALID
41-45: 	 (2.550, 0.173, 0.100) 	 (2.720, 0.346, 0.200) 	 2.626 	 	 4.180 (T) 	 26.600  	 6.364	 VALID
39-42: 	 (2.380, 0.000, 0.400) 	 (2.550, 0.173, 0.300) 	 2.624 	 	 4.170 (T) 	 26.600  	 6.379	 VALID
42-44: 	 (2.550, 0.173, 0.300) 	 (2.720, 0.000, 0.400) 	 2.624 	 	 -4.170 (C) 	 9.985  	 2.394	 VALID
40-42: 	 (2.380, 0.346, 0.200) 	 (2.550, 0.173, 0.300) 	 2.626 	 	 -4.180 (C) 	 9.967  	 2.385	 VALID
42-45: 	 (2.550, 0.173, 0.300) 	 (2.720, 0.346, 0.200) 	 2.626 	 	 4.180 (T) 	 26.600  	 6.364	 VALID
43-46: 	 (2.720, 0.000, 0.000) 	 (2.890, 0.173, 0.100) 	 2.624 	 	 4.170 (T) 	 26.600  	 6.379	 VALID
46-48: 	 (2.890, 0.173, 0.100) 	 (3.060, 0.000, 0.000) 	 2.624 	 	 -4.170 (C) 	 9.985  	 2.394	 VALID
45-46: 	 (2.720, 0.346, 0.200) 	 (2.890, 0.173, 0.100) 	 2.626 	 	 -4.180 (C) 	 9.967  	 2.385	 VALID
46-50: 	 (2.890, 0.173, 0.100) 	 (3.060, 0.346, 0.200) 	 2.626 	 	 4.180 (T) 	 26.600  	 6.364	 VALID
44-47: 	 (2.720, 0.000, 0.400) 	 (2.890, 0.173, 0.300) 	 2.624 	 	 4.170 (T) 	 26.600  	 6.379	 VALID
47-49: 	 (2.890, 0.173, 0.300) 	 (3.060, 0.000, 0.400) 	 2.624 	 	 -4.170 (C) 	 9.985  	 2.394	 VALID
45-47: 	 (2.720, 0.346, 0.200) 	 (2.890, 0.173, 0.300) 	 2.626 	 	 -4.180 (C) 	 9.967  	 2.385	 VALID
47-50: 	 (2.890, 0.173, 0.300) 	 (3.060, 0.346, 0.200) 	 2.626 	 	 4.180 (T) 	 26.600  	 6.364	 VALID
48-51: 	 (3.060, 0.000, 0.000) 	 (3.230, 0.173, 0.100) 	 2.624 	 	 4.170 (T) 	 26.600  	 6.379	 VALID
51-5: 	 (3.230, 0.173, 0.100) 	 (3.400, 0.000, 0.000) 	 2.624 	 	 -4.170 (C) 	 9.985  	 2.394	 VALID
50-51: 	 (3.060, 0.346, 0.200) 	 (3.230, 0.173, 0.100) 	 2.626 	 	 -4.180 (C) 	 9.967  	 2.385	 VALID
51-7: 	 (3.230, 0.173, 0.100) 	 (3.400, 0.346, 0.200) 	 2.626 	 	 4.180 (T) 	 26.600  	 6.364	 VALID
49-52: 	 (3.060, 0.000, 0.400) 	 (3.230, 0.173, 0.300) 	 2.624 	 	 4.170 (T) 	 26.600  	 6.379	 VALID
52-6: 	 (3.230, 0.173, 0.300) 	 (3.400, 0.000, 0.400) 	 2.624 	 	 -4.170 (C) 	 9.985  	 2.394	 VALID
50-52: 	 (3.060, 0.346, 0.200) 	 (3.230, 0.173, 0.300) 	 2.626 	 	 -4.180 (C) 	 9.967  	 2.385	 VALID
52-7: 	 (3.230, 0.173, 0.300) 	 (3.400, 0.346, 0.200) 	 2.626 	 	 4.180 (T) 	 26.600  	 6.364	 VALID
5-7: 	 (3.400, 0.000, 0.000) 	 (3.400, 0.346, 0.200) 	 4.000 	 	 -3.180 (C) 	 7.500  	 2.359	 VALID
7-6: 	 (3.400, 0.346, 0.200) 	 (3.400, 0.000, 0.400) 	 4.000 	 	 -3.180 (C) 	 7.500  	 2.359	 VALID
6-5: 	 (3.400, 0.000, 0.400) 	 (3.400, 0.000, 0.000) 	 4.000 	 	 3.180 (T) 	 53.100  	 16.698	 VALID

 
Cost Analysis: 
Airplane Glue: $7500 
Strip Type 1: 24.0 36-inch strips needed, costs $24000.0 
Strip Type 2: 5.0 36-inch strips needed, costs $17500.0 
Strip Type 3: 0.0 36-inch strips needed, costs $0.0 
Type 1: 1/16 Strip | Type 2: 1/8 Strip | Type 3: 3/16 Strip 
Gusset Plate Sheets 1 needed, costs $5000 
Total Cost: $54000.0