TRUSS REPORT 
 
Reactions (in Fx Fy Fz): 
Reaction at 0: ((0, 5.51, 0) 
Reaction at 1: ((0, 5.51, 0) 
Reaction at 5: ((0, 5.51, 0) 
Reaction at 6: ((0, 5.51, 0) 
UID 	 Joint 1 	 	 Joint 2 	 	 Length 	 Force 	 	 Max T/C Force 	 FOS 	 
0-8: 	 (0.000, 0.000, 0.000) 	 (0.425, 0.000, 0.000) 	 4.250 	 	 3.330 (T) 	 26.600  	 7.988	 VALID
1-9: 	 (0.000, 0.000, 0.400) 	 (0.425, 0.000, 0.400) 	 4.250 	 	 3.330 (T) 	 26.600  	 7.988	 VALID
2-10: 	 (0.000, 0.400, 0.200) 	 (0.425, 0.400, 0.200) 	 4.250 	 	 -5.040 (C) 	 13.500  	 2.679	 VALID
0-2: 	 (0.000, 0.000, 0.000) 	 (0.000, 0.400, 0.200) 	 4.472 	 	 -2.650 (C) 	 5.989  	 2.260	 VALID
2-1: 	 (0.000, 0.400, 0.200) 	 (0.000, 0.000, 0.400) 	 4.472 	 	 -2.650 (C) 	 5.989  	 2.260	 VALID
1-0: 	 (0.000, 0.000, 0.400) 	 (0.000, 0.000, 0.000) 	 4.000 	 	 2.750 (T) 	 53.100  	 19.309	 VALID
8-13: 	 (0.425, 0.000, 0.000) 	 (0.850, 0.000, 0.000) 	 4.250 	 	 9.320 (T) 	 26.600  	 2.854	 VALID
9-14: 	 (0.425, 0.000, 0.400) 	 (0.850, 0.000, 0.400) 	 4.250 	 	 9.320 (T) 	 26.600  	 2.854	 VALID
10-15: 	 (0.425, 0.400, 0.200) 	 (0.850, 0.400, 0.200) 	 4.250 	 	 -16.480 (C) 	 60.650  	 3.680	 VALID
8-10: 	 (0.425, 0.000, 0.000) 	 (0.425, 0.400, 0.200) 	 4.472 	 	 1.000 (T) 	 26.600  	 26.600	 VALID
10-9: 	 (0.425, 0.400, 0.200) 	 (0.425, 0.000, 0.400) 	 4.472 	 	 1.000 (T) 	 26.600  	 26.600	 VALID
9-8: 	 (0.425, 0.000, 0.400) 	 (0.425, 0.000, 0.000) 	 4.000 	 	 0.000   	 N/A 	 	 Inf  	 ZERO-FORCE 
13-18: 	 (0.850, 0.000, 0.000) 	 (1.275, 0.000, 0.000) 	 4.250 	 	 15.520 (T) 	 39.800  	 2.564	 VALID
14-19: 	 (0.850, 0.000, 0.400) 	 (1.275, 0.000, 0.400) 	 4.250 	 	 15.520 (T) 	 39.800  	 2.564	 VALID
15-20: 	 (0.850, 0.400, 0.200) 	 (1.275, 0.400, 0.200) 	 4.250 	 	 -27.490 (C) 	 60.650  	 2.206	 VALID
13-15: 	 (0.850, 0.000, 0.000) 	 (0.850, 0.400, 0.200) 	 4.472 	 	 1.500 (T) 	 26.600  	 17.733	 VALID
15-14: 	 (0.850, 0.400, 0.200) 	 (0.850, 0.000, 0.400) 	 4.472 	 	 1.500 (T) 	 26.600  	 17.733	 VALID
14-13: 	 (0.850, 0.000, 0.400) 	 (0.850, 0.000, 0.000) 	 4.000 	 	 0.000   	 N/A 	 	 Inf  	 ZERO-FORCE 
18-23: 	 (1.275, 0.000, 0.000) 	 (1.700, 0.000, 0.000) 	 4.250 	 	 22.240 (T) 	 53.100  	 2.388	 VALID
19-24: 	 (1.275, 0.000, 0.400) 	 (1.700, 0.000, 0.400) 	 4.250 	 	 22.240 (T) 	 53.100  	 2.388	 VALID
20-25: 	 (1.275, 0.400, 0.200) 	 (1.700, 0.400, 0.200) 	 4.250 	 	 -37.440 (C) 	 107.850  	 2.881	 VALID
18-20: 	 (1.275, 0.000, 0.000) 	 (1.275, 0.400, 0.200) 	 4.472 	 	 2.790 (T) 	 26.600  	 9.534	 VALID
20-19: 	 (1.275, 0.400, 0.200) 	 (1.275, 0.000, 0.400) 	 4.472 	 	 2.790 (T) 	 26.600  	 9.534	 VALID
19-18: 	 (1.275, 0.000, 0.400) 	 (1.275, 0.000, 0.000) 	 4.000 	 	 0.000   	 N/A 	 	 Inf  	 ZERO-FORCE 
23-28: 	 (1.700, 0.000, 0.000) 	 (2.125, 0.000, 0.000) 	 4.250 	 	 22.240 (T) 	 53.100  	 2.388	 VALID
24-29: 	 (1.700, 0.000, 0.400) 	 (2.125, 0.000, 0.400) 	 4.250 	 	 22.240 (T) 	 53.100  	 2.388	 VALID
25-30: 	 (1.700, 0.400, 0.200) 	 (2.125, 0.400, 0.200) 	 4.250 	 	 -37.440 (C) 	 107.850  	 2.881	 VALID
23-25: 	 (1.700, 0.000, 0.000) 	 (1.700, 0.400, 0.200) 	 4.472 	 	 -2.450 (C) 	 5.989  	 2.445	 VALID
25-24: 	 (1.700, 0.400, 0.200) 	 (1.700, 0.000, 0.400) 	 4.472 	 	 -2.450 (C) 	 5.989  	 2.445	 VALID
24-23: 	 (1.700, 0.000, 0.400) 	 (1.700, 0.000, 0.000) 	 4.000 	 	 0.000   	 N/A 	 	 Inf  	 ZERO-FORCE 
28-33: 	 (2.125, 0.000, 0.000) 	 (2.550, 0.000, 0.000) 	 4.250 	 	 15.520 (T) 	 39.800  	 2.564	 VALID
29-34: 	 (2.125, 0.000, 0.400) 	 (2.550, 0.000, 0.400) 	 4.250 	 	 15.520 (T) 	 39.800  	 2.564	 VALID
30-35: 	 (2.125, 0.400, 0.200) 	 (2.550, 0.400, 0.200) 	 4.250 	 	 -27.490 (C) 	 60.650  	 2.206	 VALID
28-30: 	 (2.125, 0.000, 0.000) 	 (2.125, 0.400, 0.200) 	 4.472 	 	 2.790 (T) 	 26.600  	 9.534	 VALID
30-29: 	 (2.125, 0.400, 0.200) 	 (2.125, 0.000, 0.400) 	 4.472 	 	 2.790 (T) 	 26.600  	 9.534	 VALID
29-28: 	 (2.125, 0.000, 0.400) 	 (2.125, 0.000, 0.000) 	 4.000 	 	 0.000   	 N/A 	 	 Inf  	 ZERO-FORCE 
33-38: 	 (2.550, 0.000, 0.000) 	 (2.975, 0.000, 0.000) 	 4.250 	 	 9.320 (T) 	 26.600  	 2.854	 VALID
34-39: 	 (2.550, 0.000, 0.400) 	 (2.975, 0.000, 0.400) 	 4.250 	 	 9.320 (T) 	 26.600  	 2.854	 VALID
35-40: 	 (2.550, 0.400, 0.200) 	 (2.975, 0.400, 0.200) 	 4.250 	 	 -16.480 (C) 	 60.650  	 3.680	 VALID
33-35: 	 (2.550, 0.000, 0.000) 	 (2.550, 0.400, 0.200) 	 4.472 	 	 1.500 (T) 	 26.600  	 17.733	 VALID
35-34: 	 (2.550, 0.400, 0.200) 	 (2.550, 0.000, 0.400) 	 4.472 	 	 1.500 (T) 	 26.600  	 17.733	 VALID
34-33: 	 (2.550, 0.000, 0.400) 	 (2.550, 0.000, 0.000) 	 4.000 	 	 0.000   	 N/A 	 	 Inf  	 ZERO-FORCE 
38-5: 	 (2.975, 0.000, 0.000) 	 (3.400, 0.000, 0.000) 	 4.250 	 	 3.330 (T) 	 26.600  	 7.988	 VALID
39-6: 	 (2.975, 0.000, 0.400) 	 (3.400, 0.000, 0.400) 	 4.250 	 	 3.330 (T) 	 26.600  	 7.988	 VALID
40-7: 	 (2.975, 0.400, 0.200) 	 (3.400, 0.400, 0.200) 	 4.250 	 	 -5.040 (C) 	 13.500  	 2.679	 VALID
38-40: 	 (2.975, 0.000, 0.000) 	 (2.975, 0.400, 0.200) 	 4.472 	 	 1.000 (T) 	 26.600  	 26.600	 VALID
40-39: 	 (2.975, 0.400, 0.200) 	 (2.975, 0.000, 0.400) 	 4.472 	 	 1.000 (T) 	 26.600  	 26.600	 VALID
39-38: 	 (2.975, 0.000, 0.400) 	 (2.975, 0.000, 0.000) 	 4.000 	 	 0.000   	 N/A 	 	 Inf  	 ZERO-FORCE 
0-3: 	 (0.000, 0.000, 0.000) 	 (0.212, 0.200, 0.100) 	 3.085 	 	 -4.840 (C) 	 12.790  	 2.643	 VALID
3-8: 	 (0.212, 0.200, 0.100) 	 (0.425, 0.000, 0.000) 	 3.085 	 	 3.650 (T) 	 26.600  	 7.288	 VALID
2-3: 	 (0.000, 0.400, 0.200) 	 (0.212, 0.200, 0.100) 	 3.085 	 	 3.650 (T) 	 26.600  	 7.288	 VALID
3-10: 	 (0.212, 0.200, 0.100) 	 (0.425, 0.400, 0.200) 	 3.085 	 	 -4.840 (C) 	 12.790  	 2.643	 VALID
1-4: 	 (0.000, 0.000, 0.400) 	 (0.212, 0.200, 0.300) 	 3.085 	 	 -4.840 (C) 	 12.790  	 2.643	 VALID
4-9: 	 (0.212, 0.200, 0.300) 	 (0.425, 0.000, 0.400) 	 3.085 	 	 3.650 (T) 	 26.600  	 7.288	 VALID
2-4: 	 (0.000, 0.400, 0.200) 	 (0.212, 0.200, 0.300) 	 3.085 	 	 3.650 (T) 	 26.600  	 7.288	 VALID
4-10: 	 (0.212, 0.200, 0.300) 	 (0.425, 0.400, 0.200) 	 3.085 	 	 -4.840 (C) 	 12.790  	 2.643	 VALID
8-11: 	 (0.425, 0.000, 0.000) 	 (0.637, 0.200, 0.100) 	 3.085 	 	 -5.030 (C) 	 12.790  	 2.543	 VALID
11-13: 	 (0.637, 0.200, 0.100) 	 (0.850, 0.000, 0.000) 	 3.085 	 	 3.470 (T) 	 26.600  	 7.666	 VALID
10-11: 	 (0.425, 0.400, 0.200) 	 (0.637, 0.200, 0.100) 	 3.085 	 	 3.470 (T) 	 26.600  	 7.666	 VALID
11-15: 	 (0.637, 0.200, 0.100) 	 (0.850, 0.400, 0.200) 	 3.085 	 	 -5.030 (C) 	 12.790  	 2.543	 VALID
9-12: 	 (0.425, 0.000, 0.400) 	 (0.637, 0.200, 0.300) 	 3.085 	 	 -5.030 (C) 	 12.790  	 2.543	 VALID
12-14: 	 (0.637, 0.200, 0.300) 	 (0.850, 0.000, 0.400) 	 3.085 	 	 3.470 (T) 	 26.600  	 7.666	 VALID
10-12: 	 (0.425, 0.400, 0.200) 	 (0.637, 0.200, 0.300) 	 3.085 	 	 3.470 (T) 	 26.600  	 7.666	 VALID
12-15: 	 (0.637, 0.200, 0.300) 	 (0.850, 0.400, 0.200) 	 3.085 	 	 -5.030 (C) 	 12.790  	 2.543	 VALID
13-16: 	 (0.850, 0.000, 0.000) 	 (1.062, 0.200, 0.100) 	 3.085 	 	 -5.530 (C) 	 12.790  	 2.313	 VALID
16-18: 	 (1.062, 0.200, 0.100) 	 (1.275, 0.000, 0.000) 	 3.085 	 	 2.960 (T) 	 26.600  	 8.986	 VALID
15-16: 	 (0.850, 0.400, 0.200) 	 (1.062, 0.200, 0.100) 	 3.085 	 	 2.960 (T) 	 26.600  	 8.986	 VALID
16-20: 	 (1.062, 0.200, 0.100) 	 (1.275, 0.400, 0.200) 	 3.085 	 	 -5.530 (C) 	 12.790  	 2.313	 VALID
14-17: 	 (0.850, 0.000, 0.400) 	 (1.062, 0.200, 0.300) 	 3.085 	 	 -5.530 (C) 	 12.790  	 2.313	 VALID
17-19: 	 (1.062, 0.200, 0.300) 	 (1.275, 0.000, 0.400) 	 3.085 	 	 2.960 (T) 	 26.600  	 8.986	 VALID
15-17: 	 (0.850, 0.400, 0.200) 	 (1.062, 0.200, 0.300) 	 3.085 	 	 2.960 (T) 	 26.600  	 8.986	 VALID
17-20: 	 (1.062, 0.200, 0.300) 	 (1.275, 0.400, 0.200) 	 3.085 	 	 -5.530 (C) 	 12.790  	 2.313	 VALID
18-21: 	 (1.275, 0.000, 0.000) 	 (1.487, 0.200, 0.100) 	 3.085 	 	 -6.800 (C) 	 25.597  	 3.764	 VALID
21-23: 	 (1.487, 0.200, 0.100) 	 (1.700, 0.000, 0.000) 	 3.085 	 	 1.690 (T) 	 26.600  	 15.740	 VALID
20-21: 	 (1.275, 0.400, 0.200) 	 (1.487, 0.200, 0.100) 	 3.085 	 	 1.690 (T) 	 26.600  	 15.740	 VALID
21-25: 	 (1.487, 0.200, 0.100) 	 (1.700, 0.400, 0.200) 	 3.085 	 	 -6.800 (C) 	 25.597  	 3.764	 VALID
19-22: 	 (1.275, 0.000, 0.400) 	 (1.487, 0.200, 0.300) 	 3.085 	 	 -6.800 (C) 	 25.597  	 3.764	 VALID
22-24: 	 (1.487, 0.200, 0.300) 	 (1.700, 0.000, 0.400) 	 3.085 	 	 1.690 (T) 	 26.600  	 15.740	 VALID
20-22: 	 (1.275, 0.400, 0.200) 	 (1.487, 0.200, 0.300) 	 3.085 	 	 1.690 (T) 	 26.600  	 15.740	 VALID
22-25: 	 (1.487, 0.200, 0.300) 	 (1.700, 0.400, 0.200) 	 3.085 	 	 -6.800 (C) 	 25.597  	 3.764	 VALID
23-26: 	 (1.700, 0.000, 0.000) 	 (1.912, 0.200, 0.100) 	 3.085 	 	 1.690 (T) 	 26.600  	 15.740	 VALID
26-28: 	 (1.912, 0.200, 0.100) 	 (2.125, 0.000, 0.000) 	 3.085 	 	 -6.800 (C) 	 25.597  	 3.764	 VALID
25-26: 	 (1.700, 0.400, 0.200) 	 (1.912, 0.200, 0.100) 	 3.085 	 	 -6.800 (C) 	 25.597  	 3.764	 VALID
26-30: 	 (1.912, 0.200, 0.100) 	 (2.125, 0.400, 0.200) 	 3.085 	 	 1.690 (T) 	 26.600  	 15.740	 VALID
24-27: 	 (1.700, 0.000, 0.400) 	 (1.912, 0.200, 0.300) 	 3.085 	 	 1.690 (T) 	 26.600  	 15.740	 VALID
27-29: 	 (1.912, 0.200, 0.300) 	 (2.125, 0.000, 0.400) 	 3.085 	 	 -6.800 (C) 	 25.597  	 3.764	 VALID
25-27: 	 (1.700, 0.400, 0.200) 	 (1.912, 0.200, 0.300) 	 3.085 	 	 -6.800 (C) 	 25.597  	 3.764	 VALID
27-30: 	 (1.912, 0.200, 0.300) 	 (2.125, 0.400, 0.200) 	 3.085 	 	 1.690 (T) 	 26.600  	 15.740	 VALID
28-31: 	 (2.125, 0.000, 0.000) 	 (2.337, 0.200, 0.100) 	 3.085 	 	 2.960 (T) 	 26.600  	 8.986	 VALID
31-33: 	 (2.337, 0.200, 0.100) 	 (2.550, 0.000, 0.000) 	 3.085 	 	 -5.530 (C) 	 12.790  	 2.313	 VALID
30-31: 	 (2.125, 0.400, 0.200) 	 (2.337, 0.200, 0.100) 	 3.085 	 	 -5.530 (C) 	 12.790  	 2.313	 VALID
31-35: 	 (2.337, 0.200, 0.100) 	 (2.550, 0.400, 0.200) 	 3.085 	 	 2.960 (T) 	 26.600  	 8.986	 VALID
29-32: 	 (2.125, 0.000, 0.400) 	 (2.337, 0.200, 0.300) 	 3.085 	 	 2.960 (T) 	 26.600  	 8.986	 VALID
32-34: 	 (2.337, 0.200, 0.300) 	 (2.550, 0.000, 0.400) 	 3.085 	 	 -5.530 (C) 	 12.790  	 2.313	 VALID
30-32: 	 (2.125, 0.400, 0.200) 	 (2.337, 0.200, 0.300) 	 3.085 	 	 -5.530 (C) 	 12.790  	 2.313	 VALID
32-35: 	 (2.337, 0.200, 0.300) 	 (2.550, 0.400, 0.200) 	 3.085 	 	 2.960 (T) 	 26.600  	 8.986	 VALID
33-36: 	 (2.550, 0.000, 0.000) 	 (2.762, 0.200, 0.100) 	 3.085 	 	 3.470 (T) 	 26.600  	 7.666	 VALID
36-38: 	 (2.762, 0.200, 0.100) 	 (2.975, 0.000, 0.000) 	 3.085 	 	 -5.030 (C) 	 12.790  	 2.543	 VALID
35-36: 	 (2.550, 0.400, 0.200) 	 (2.762, 0.200, 0.100) 	 3.085 	 	 -5.030 (C) 	 12.790  	 2.543	 VALID
36-40: 	 (2.762, 0.200, 0.100) 	 (2.975, 0.400, 0.200) 	 3.085 	 	 3.470 (T) 	 26.600  	 7.666	 VALID
34-37: 	 (2.550, 0.000, 0.400) 	 (2.762, 0.200, 0.300) 	 3.085 	 	 3.470 (T) 	 26.600  	 7.666	 VALID
37-39: 	 (2.762, 0.200, 0.300) 	 (2.975, 0.000, 0.400) 	 3.085 	 	 -5.030 (C) 	 12.790  	 2.543	 VALID
35-37: 	 (2.550, 0.400, 0.200) 	 (2.762, 0.200, 0.300) 	 3.085 	 	 -5.030 (C) 	 12.790  	 2.543	 VALID
37-40: 	 (2.762, 0.200, 0.300) 	 (2.975, 0.400, 0.200) 	 3.085 	 	 3.470 (T) 	 26.600  	 7.666	 VALID
38-41: 	 (2.975, 0.000, 0.000) 	 (3.188, 0.200, 0.100) 	 3.085 	 	 3.650 (T) 	 26.600  	 7.288	 VALID
41-5: 	 (3.188, 0.200, 0.100) 	 (3.400, 0.000, 0.000) 	 3.085 	 	 -4.840 (C) 	 12.790  	 2.643	 VALID
40-41: 	 (2.975, 0.400, 0.200) 	 (3.188, 0.200, 0.100) 	 3.085 	 	 -4.840 (C) 	 12.790  	 2.643	 VALID
41-7: 	 (3.188, 0.200, 0.100) 	 (3.400, 0.400, 0.200) 	 3.085 	 	 3.650 (T) 	 26.600  	 7.288	 VALID
39-42: 	 (2.975, 0.000, 0.400) 	 (3.188, 0.200, 0.300) 	 3.085 	 	 3.650 (T) 	 26.600  	 7.288	 VALID
42-6: 	 (3.188, 0.200, 0.300) 	 (3.400, 0.000, 0.400) 	 3.085 	 	 -4.840 (C) 	 12.790  	 2.643	 VALID
40-42: 	 (2.975, 0.400, 0.200) 	 (3.188, 0.200, 0.300) 	 3.085 	 	 -4.840 (C) 	 12.790  	 2.643	 VALID
42-7: 	 (3.188, 0.200, 0.300) 	 (3.400, 0.400, 0.200) 	 3.085 	 	 3.650 (T) 	 26.600  	 7.288	 VALID
5-7: 	 (3.400, 0.000, 0.000) 	 (3.400, 0.400, 0.200) 	 4.472 	 	 -2.650 (C) 	 5.989  	 2.260	 VALID
7-6: 	 (3.400, 0.400, 0.200) 	 (3.400, 0.000, 0.400) 	 4.472 	 	 -2.650 (C) 	 5.989  	 2.260	 VALID
6-5: 	 (3.400, 0.000, 0.400) 	 (3.400, 0.000, 0.000) 	 4.000 	 	 2.750 (T) 	 53.100  	 19.309	 VALID

 
Cost Analysis: 
Airplane Glue: $7500 
Strip Type 1: 14.0 36-inch strips needed, costs $14000.0 
Strip Type 2: 8.0 36-inch strips needed, costs $28000.0 
Strip Type 3: 0.0 36-inch strips needed, costs $0.0 
Type 1: 1/16 Strip | Type 2: 1/8 Strip | Type 3: 3/16 Strip 
Gusset Plate Sheets 1 needed, costs $5000 
Total Cost: $54500.0