TRUSS REPORT 
 
Reactions (in Fx Fy Fz): 
Reaction at 0: ((0, 5.51, 0) 
Reaction at 1: ((0, 5.51, 0) 
Reaction at 5: ((0, 5.51, 0) 
Reaction at 6: ((0, 5.51, 0) 
UID 	 Joint 1 	 	 Joint 2 	 	 Length 	 Force 	 	 Max T/C Force 	 FOS 	 
0-9: 	 (0.000, 0.000, 0.000) 	 (0.425, 0.000, 0.000) 	 4.250 	 	 3.380 (T) 	 26.600  	 7.870	 VALID
1-10: 	 (0.000, 0.000, 0.400) 	 (0.425, 0.000, 0.400) 	 4.250 	 	 3.380 (T) 	 26.600  	 7.870	 VALID
2-3: 	 (0.000, 0.346, 0.200) 	 (0.212, 0.346, 0.200) 	 2.125 	 	 -6.760 (C) 	 114.025  	 16.868	 VALID
3-11: 	 (0.212, 0.346, 0.200) 	 (0.425, 0.346, 0.200) 	 2.125 	 	 -6.760 (C) 	 114.025  	 16.868	 VALID
0-2: 	 (0.000, 0.000, 0.000) 	 (0.000, 0.346, 0.200) 	 4.000 	 	 -3.180 (C) 	 0.900  	 0.283	 INVALID
2-1: 	 (0.000, 0.346, 0.200) 	 (0.000, 0.000, 0.400) 	 4.000 	 	 -3.180 (C) 	 0.900  	 0.283	 INVALID
1-0: 	 (0.000, 0.000, 0.400) 	 (0.000, 0.000, 0.000) 	 4.000 	 	 3.180 (T) 	 26.600  	 8.365	 VALID
3-4: 	 (0.212, 0.346, 0.200) 	 (0.212, 0.173, 0.100) 	 2.002 	 	 0.000   	 N/A 	 	 Inf  	 ZERO-FORCE 
3-5: 	 (0.212, 0.346, 0.200) 	 (0.212, 0.173, 0.300) 	 2.002 	 	 0.000   	 N/A 	 	 Inf  	 ZERO-FORCE 
0-4: 	 (0.000, 0.000, 0.000) 	 (0.212, 0.173, 0.100) 	 2.917 	 	 -4.640 (C) 	 8.048  	 1.735	 INVALID
4-9: 	 (0.212, 0.173, 0.100) 	 (0.425, 0.000, 0.000) 	 2.917 	 	 4.640 (T) 	 39.800  	 8.578	 VALID
2-4: 	 (0.000, 0.346, 0.200) 	 (0.212, 0.173, 0.100) 	 2.919 	 	 4.640 (T) 	 39.800  	 8.578	 VALID
4-11: 	 (0.212, 0.173, 0.100) 	 (0.425, 0.346, 0.200) 	 2.919 	 	 -4.640 (C) 	 8.033  	 1.731	 INVALID
1-5: 	 (0.000, 0.000, 0.400) 	 (0.212, 0.173, 0.300) 	 2.917 	 	 -4.640 (C) 	 8.048  	 1.735	 INVALID
5-10: 	 (0.212, 0.173, 0.300) 	 (0.425, 0.000, 0.400) 	 2.917 	 	 4.640 (T) 	 39.800  	 8.578	 VALID
2-5: 	 (0.000, 0.346, 0.200) 	 (0.212, 0.173, 0.300) 	 2.919 	 	 4.640 (T) 	 39.800  	 8.578	 VALID
5-11: 	 (0.212, 0.173, 0.300) 	 (0.425, 0.346, 0.200) 	 2.919 	 	 -4.640 (C) 	 8.033  	 1.731	 INVALID
9-15: 	 (0.425, 0.000, 0.000) 	 (0.850, 0.000, 0.000) 	 4.250 	 	 10.140 (T) 	 26.600  	 2.623	 VALID
10-16: 	 (0.425, 0.000, 0.400) 	 (0.850, 0.000, 0.400) 	 4.250 	 	 10.140 (T) 	 26.600  	 2.623	 VALID
11-12: 	 (0.425, 0.346, 0.200) 	 (0.637, 0.346, 0.200) 	 2.125 	 	 -20.270 (C) 	 114.025  	 5.625	 VALID
12-17: 	 (0.637, 0.346, 0.200) 	 (0.850, 0.346, 0.200) 	 2.125 	 	 -20.270 (C) 	 114.025  	 5.625	 VALID
9-11: 	 (0.425, 0.000, 0.000) 	 (0.425, 0.346, 0.200) 	 4.000 	 	 0.000   	 N/A 	 	 Inf  	 ZERO-FORCE 
11-10: 	 (0.425, 0.346, 0.200) 	 (0.425, 0.000, 0.400) 	 4.000 	 	 0.000   	 N/A 	 	 Inf  	 ZERO-FORCE 
10-9: 	 (0.425, 0.000, 0.400) 	 (0.425, 0.000, 0.000) 	 4.000 	 	 0.000   	 N/A 	 	 Inf  	 ZERO-FORCE 
12-13: 	 (0.637, 0.346, 0.200) 	 (0.637, 0.173, 0.100) 	 2.002 	 	 0.000   	 N/A 	 	 Inf  	 ZERO-FORCE 
12-14: 	 (0.637, 0.346, 0.200) 	 (0.637, 0.173, 0.300) 	 2.002 	 	 0.000   	 N/A 	 	 Inf  	 ZERO-FORCE 
9-13: 	 (0.425, 0.000, 0.000) 	 (0.637, 0.173, 0.100) 	 2.917 	 	 -4.640 (C) 	 8.048  	 1.735	 INVALID
13-15: 	 (0.637, 0.173, 0.100) 	 (0.850, 0.000, 0.000) 	 2.917 	 	 4.640 (T) 	 39.800  	 8.578	 VALID
11-13: 	 (0.425, 0.346, 0.200) 	 (0.637, 0.173, 0.100) 	 2.919 	 	 4.640 (T) 	 39.800  	 8.578	 VALID
13-17: 	 (0.637, 0.173, 0.100) 	 (0.850, 0.346, 0.200) 	 2.919 	 	 -4.640 (C) 	 8.033  	 1.731	 INVALID
10-14: 	 (0.425, 0.000, 0.400) 	 (0.637, 0.173, 0.300) 	 2.917 	 	 -4.640 (C) 	 8.048  	 1.735	 INVALID
14-16: 	 (0.637, 0.173, 0.300) 	 (0.850, 0.000, 0.400) 	 2.917 	 	 4.640 (T) 	 39.800  	 8.578	 VALID
11-14: 	 (0.425, 0.346, 0.200) 	 (0.637, 0.173, 0.300) 	 2.919 	 	 4.640 (T) 	 39.800  	 8.578	 VALID
14-17: 	 (0.637, 0.173, 0.300) 	 (0.850, 0.346, 0.200) 	 2.919 	 	 -4.640 (C) 	 8.033  	 1.731	 INVALID
15-21: 	 (0.850, 0.000, 0.000) 	 (1.275, 0.000, 0.000) 	 4.250 	 	 16.890 (T) 	 26.600  	 1.575	 INVALID
16-22: 	 (0.850, 0.000, 0.400) 	 (1.275, 0.000, 0.400) 	 4.250 	 	 16.890 (T) 	 26.600  	 1.575	 INVALID
17-18: 	 (0.850, 0.346, 0.200) 	 (1.062, 0.346, 0.200) 	 2.125 	 	 -33.790 (C) 	 114.025  	 3.375	 VALID
18-23: 	 (1.062, 0.346, 0.200) 	 (1.275, 0.346, 0.200) 	 2.125 	 	 -33.790 (C) 	 114.025  	 3.375	 VALID
15-17: 	 (0.850, 0.000, 0.000) 	 (0.850, 0.346, 0.200) 	 4.000 	 	 0.000   	 N/A 	 	 Inf  	 ZERO-FORCE 
17-16: 	 (0.850, 0.346, 0.200) 	 (0.850, 0.000, 0.400) 	 4.000 	 	 0.000   	 N/A 	 	 Inf  	 ZERO-FORCE 
16-15: 	 (0.850, 0.000, 0.400) 	 (0.850, 0.000, 0.000) 	 4.000 	 	 0.000   	 N/A 	 	 Inf  	 ZERO-FORCE 
18-19: 	 (1.062, 0.346, 0.200) 	 (1.062, 0.173, 0.100) 	 2.002 	 	 0.000   	 N/A 	 	 Inf  	 ZERO-FORCE 
18-20: 	 (1.062, 0.346, 0.200) 	 (1.062, 0.173, 0.300) 	 2.002 	 	 0.000   	 N/A 	 	 Inf  	 ZERO-FORCE 
15-19: 	 (0.850, 0.000, 0.000) 	 (1.062, 0.173, 0.100) 	 2.917 	 	 -4.640 (C) 	 8.048  	 1.735	 INVALID
19-21: 	 (1.062, 0.173, 0.100) 	 (1.275, 0.000, 0.000) 	 2.917 	 	 4.640 (T) 	 39.800  	 8.578	 VALID
17-19: 	 (0.850, 0.346, 0.200) 	 (1.062, 0.173, 0.100) 	 2.919 	 	 4.640 (T) 	 39.800  	 8.578	 VALID
19-23: 	 (1.062, 0.173, 0.100) 	 (1.275, 0.346, 0.200) 	 2.919 	 	 -4.640 (C) 	 8.033  	 1.731	 INVALID
16-20: 	 (0.850, 0.000, 0.400) 	 (1.062, 0.173, 0.300) 	 2.917 	 	 -4.640 (C) 	 8.048  	 1.735	 INVALID
20-22: 	 (1.062, 0.173, 0.300) 	 (1.275, 0.000, 0.400) 	 2.917 	 	 4.640 (T) 	 39.800  	 8.578	 VALID
17-20: 	 (0.850, 0.346, 0.200) 	 (1.062, 0.173, 0.300) 	 2.919 	 	 4.640 (T) 	 39.800  	 8.578	 VALID
20-23: 	 (1.062, 0.173, 0.300) 	 (1.275, 0.346, 0.200) 	 2.919 	 	 -4.640 (C) 	 8.033  	 1.731	 INVALID
21-27: 	 (1.275, 0.000, 0.000) 	 (1.700, 0.000, 0.000) 	 4.250 	 	 23.650 (T) 	 26.600  	 1.125	 INVALID
22-28: 	 (1.275, 0.000, 0.400) 	 (1.700, 0.000, 0.400) 	 4.250 	 	 23.650 (T) 	 26.600  	 1.125	 INVALID
23-24: 	 (1.275, 0.346, 0.200) 	 (1.487, 0.346, 0.200) 	 2.125 	 	 -47.300 (C) 	 114.025  	 2.411	 VALID
24-29: 	 (1.487, 0.346, 0.200) 	 (1.700, 0.346, 0.200) 	 2.125 	 	 -47.300 (C) 	 114.025  	 2.411	 VALID
21-23: 	 (1.275, 0.000, 0.000) 	 (1.275, 0.346, 0.200) 	 4.000 	 	 0.000   	 N/A 	 	 Inf  	 ZERO-FORCE 
23-22: 	 (1.275, 0.346, 0.200) 	 (1.275, 0.000, 0.400) 	 4.000 	 	 0.000   	 N/A 	 	 Inf  	 ZERO-FORCE 
22-21: 	 (1.275, 0.000, 0.400) 	 (1.275, 0.000, 0.000) 	 4.000 	 	 0.000   	 N/A 	 	 Inf  	 ZERO-FORCE 
24-25: 	 (1.487, 0.346, 0.200) 	 (1.487, 0.173, 0.100) 	 2.002 	 	 0.000   	 N/A 	 	 Inf  	 ZERO-FORCE 
24-26: 	 (1.487, 0.346, 0.200) 	 (1.487, 0.173, 0.300) 	 2.002 	 	 0.000   	 N/A 	 	 Inf  	 ZERO-FORCE 
21-25: 	 (1.275, 0.000, 0.000) 	 (1.487, 0.173, 0.100) 	 2.917 	 	 -4.640 (C) 	 8.048  	 1.735	 INVALID
25-27: 	 (1.487, 0.173, 0.100) 	 (1.700, 0.000, 0.000) 	 2.917 	 	 4.640 (T) 	 39.800  	 8.578	 VALID
23-25: 	 (1.275, 0.346, 0.200) 	 (1.487, 0.173, 0.100) 	 2.919 	 	 4.640 (T) 	 39.800  	 8.578	 VALID
25-29: 	 (1.487, 0.173, 0.100) 	 (1.700, 0.346, 0.200) 	 2.919 	 	 -4.640 (C) 	 8.033  	 1.731	 INVALID
22-26: 	 (1.275, 0.000, 0.400) 	 (1.487, 0.173, 0.300) 	 2.917 	 	 -4.640 (C) 	 8.048  	 1.735	 INVALID
26-28: 	 (1.487, 0.173, 0.300) 	 (1.700, 0.000, 0.400) 	 2.917 	 	 4.640 (T) 	 39.800  	 8.578	 VALID
23-26: 	 (1.275, 0.346, 0.200) 	 (1.487, 0.173, 0.300) 	 2.919 	 	 4.640 (T) 	 39.800  	 8.578	 VALID
26-29: 	 (1.487, 0.173, 0.300) 	 (1.700, 0.346, 0.200) 	 2.919 	 	 -4.640 (C) 	 8.033  	 1.731	 INVALID
27-33: 	 (1.700, 0.000, 0.000) 	 (2.125, 0.000, 0.000) 	 4.250 	 	 23.650 (T) 	 26.600  	 1.125	 INVALID
28-34: 	 (1.700, 0.000, 0.400) 	 (2.125, 0.000, 0.400) 	 4.250 	 	 23.650 (T) 	 26.600  	 1.125	 INVALID
29-30: 	 (1.700, 0.346, 0.200) 	 (1.912, 0.346, 0.200) 	 2.125 	 	 -47.300 (C) 	 114.025  	 2.411	 VALID
30-35: 	 (1.912, 0.346, 0.200) 	 (2.125, 0.346, 0.200) 	 2.125 	 	 -47.300 (C) 	 114.025  	 2.411	 VALID
27-29: 	 (1.700, 0.000, 0.000) 	 (1.700, 0.346, 0.200) 	 4.000 	 	 -6.350 (C) 	 0.900  	 0.142	 INVALID
29-28: 	 (1.700, 0.346, 0.200) 	 (1.700, 0.000, 0.400) 	 4.000 	 	 -6.350 (C) 	 0.900  	 0.142	 INVALID
28-27: 	 (1.700, 0.000, 0.400) 	 (1.700, 0.000, 0.000) 	 4.000 	 	 0.000   	 N/A 	 	 Inf  	 ZERO-FORCE 
30-31: 	 (1.912, 0.346, 0.200) 	 (1.912, 0.173, 0.100) 	 2.002 	 	 0.000   	 N/A 	 	 Inf  	 ZERO-FORCE 
30-32: 	 (1.912, 0.346, 0.200) 	 (1.912, 0.173, 0.300) 	 2.002 	 	 0.000   	 N/A 	 	 Inf  	 ZERO-FORCE 
27-31: 	 (1.700, 0.000, 0.000) 	 (1.912, 0.173, 0.100) 	 2.917 	 	 4.640 (T) 	 39.800  	 8.578	 VALID
31-33: 	 (1.912, 0.173, 0.100) 	 (2.125, 0.000, 0.000) 	 2.917 	 	 -4.640 (C) 	 8.048  	 1.735	 INVALID
29-31: 	 (1.700, 0.346, 0.200) 	 (1.912, 0.173, 0.100) 	 2.919 	 	 -4.640 (C) 	 8.033  	 1.731	 INVALID
31-35: 	 (1.912, 0.173, 0.100) 	 (2.125, 0.346, 0.200) 	 2.919 	 	 4.640 (T) 	 39.800  	 8.578	 VALID
28-32: 	 (1.700, 0.000, 0.400) 	 (1.912, 0.173, 0.300) 	 2.917 	 	 4.640 (T) 	 39.800  	 8.578	 VALID
32-34: 	 (1.912, 0.173, 0.300) 	 (2.125, 0.000, 0.400) 	 2.917 	 	 -4.640 (C) 	 8.048  	 1.735	 INVALID
29-32: 	 (1.700, 0.346, 0.200) 	 (1.912, 0.173, 0.300) 	 2.919 	 	 -4.640 (C) 	 8.033  	 1.731	 INVALID
32-35: 	 (1.912, 0.173, 0.300) 	 (2.125, 0.346, 0.200) 	 2.919 	 	 4.640 (T) 	 39.800  	 8.578	 VALID
33-39: 	 (2.125, 0.000, 0.000) 	 (2.550, 0.000, 0.000) 	 4.250 	 	 16.890 (T) 	 26.600  	 1.575	 INVALID
34-40: 	 (2.125, 0.000, 0.400) 	 (2.550, 0.000, 0.400) 	 4.250 	 	 16.890 (T) 	 26.600  	 1.575	 INVALID
35-36: 	 (2.125, 0.346, 0.200) 	 (2.337, 0.346, 0.200) 	 2.125 	 	 -33.790 (C) 	 114.025  	 3.375	 VALID
36-41: 	 (2.337, 0.346, 0.200) 	 (2.550, 0.346, 0.200) 	 2.125 	 	 -33.790 (C) 	 114.025  	 3.375	 VALID
33-35: 	 (2.125, 0.000, 0.000) 	 (2.125, 0.346, 0.200) 	 4.000 	 	 0.000   	 N/A 	 	 Inf  	 ZERO-FORCE 
35-34: 	 (2.125, 0.346, 0.200) 	 (2.125, 0.000, 0.400) 	 4.000 	 	 0.000   	 N/A 	 	 Inf  	 ZERO-FORCE 
34-33: 	 (2.125, 0.000, 0.400) 	 (2.125, 0.000, 0.000) 	 4.000 	 	 0.000   	 N/A 	 	 Inf  	 ZERO-FORCE 
36-37: 	 (2.337, 0.346, 0.200) 	 (2.337, 0.173, 0.100) 	 2.002 	 	 0.000   	 N/A 	 	 Inf  	 ZERO-FORCE 
36-38: 	 (2.337, 0.346, 0.200) 	 (2.337, 0.173, 0.300) 	 2.002 	 	 0.000   	 N/A 	 	 Inf  	 ZERO-FORCE 
33-37: 	 (2.125, 0.000, 0.000) 	 (2.337, 0.173, 0.100) 	 2.917 	 	 4.640 (T) 	 39.800  	 8.578	 VALID
37-39: 	 (2.337, 0.173, 0.100) 	 (2.550, 0.000, 0.000) 	 2.917 	 	 -4.640 (C) 	 8.048  	 1.735	 INVALID
35-37: 	 (2.125, 0.346, 0.200) 	 (2.337, 0.173, 0.100) 	 2.919 	 	 -4.640 (C) 	 8.033  	 1.731	 INVALID
37-41: 	 (2.337, 0.173, 0.100) 	 (2.550, 0.346, 0.200) 	 2.919 	 	 4.640 (T) 	 39.800  	 8.578	 VALID
34-38: 	 (2.125, 0.000, 0.400) 	 (2.337, 0.173, 0.300) 	 2.917 	 	 4.640 (T) 	 39.800  	 8.578	 VALID
38-40: 	 (2.337, 0.173, 0.300) 	 (2.550, 0.000, 0.400) 	 2.917 	 	 -4.640 (C) 	 8.048  	 1.735	 INVALID
35-38: 	 (2.125, 0.346, 0.200) 	 (2.337, 0.173, 0.300) 	 2.919 	 	 -4.640 (C) 	 8.033  	 1.731	 INVALID
38-41: 	 (2.337, 0.173, 0.300) 	 (2.550, 0.346, 0.200) 	 2.919 	 	 4.640 (T) 	 39.800  	 8.578	 VALID
39-45: 	 (2.550, 0.000, 0.000) 	 (2.975, 0.000, 0.000) 	 4.250 	 	 10.140 (T) 	 26.600  	 2.623	 VALID
40-46: 	 (2.550, 0.000, 0.400) 	 (2.975, 0.000, 0.400) 	 4.250 	 	 10.140 (T) 	 26.600  	 2.623	 VALID
41-42: 	 (2.550, 0.346, 0.200) 	 (2.762, 0.346, 0.200) 	 2.125 	 	 -20.270 (C) 	 114.025  	 5.625	 VALID
42-47: 	 (2.762, 0.346, 0.200) 	 (2.975, 0.346, 0.200) 	 2.125 	 	 -20.270 (C) 	 114.025  	 5.625	 VALID
39-41: 	 (2.550, 0.000, 0.000) 	 (2.550, 0.346, 0.200) 	 4.000 	 	 0.000   	 N/A 	 	 Inf  	 ZERO-FORCE 
41-40: 	 (2.550, 0.346, 0.200) 	 (2.550, 0.000, 0.400) 	 4.000 	 	 0.000   	 N/A 	 	 Inf  	 ZERO-FORCE 
40-39: 	 (2.550, 0.000, 0.400) 	 (2.550, 0.000, 0.000) 	 4.000 	 	 0.000   	 N/A 	 	 Inf  	 ZERO-FORCE 
42-43: 	 (2.762, 0.346, 0.200) 	 (2.762, 0.173, 0.100) 	 2.002 	 	 0.000   	 N/A 	 	 Inf  	 ZERO-FORCE 
42-44: 	 (2.762, 0.346, 0.200) 	 (2.762, 0.173, 0.300) 	 2.002 	 	 0.000   	 N/A 	 	 Inf  	 ZERO-FORCE 
39-43: 	 (2.550, 0.000, 0.000) 	 (2.762, 0.173, 0.100) 	 2.917 	 	 4.640 (T) 	 39.800  	 8.578	 VALID
43-45: 	 (2.762, 0.173, 0.100) 	 (2.975, 0.000, 0.000) 	 2.917 	 	 -4.640 (C) 	 8.048  	 1.735	 INVALID
41-43: 	 (2.550, 0.346, 0.200) 	 (2.762, 0.173, 0.100) 	 2.919 	 	 -4.640 (C) 	 8.033  	 1.731	 INVALID
43-47: 	 (2.762, 0.173, 0.100) 	 (2.975, 0.346, 0.200) 	 2.919 	 	 4.640 (T) 	 39.800  	 8.578	 VALID
40-44: 	 (2.550, 0.000, 0.400) 	 (2.762, 0.173, 0.300) 	 2.917 	 	 4.640 (T) 	 39.800  	 8.578	 VALID
44-46: 	 (2.762, 0.173, 0.300) 	 (2.975, 0.000, 0.400) 	 2.917 	 	 -4.640 (C) 	 8.048  	 1.735	 INVALID
41-44: 	 (2.550, 0.346, 0.200) 	 (2.762, 0.173, 0.300) 	 2.919 	 	 -4.640 (C) 	 8.033  	 1.731	 INVALID
44-47: 	 (2.762, 0.173, 0.300) 	 (2.975, 0.346, 0.200) 	 2.919 	 	 4.640 (T) 	 39.800  	 8.578	 VALID
45-6: 	 (2.975, 0.000, 0.000) 	 (3.400, 0.000, 0.000) 	 4.250 	 	 3.380 (T) 	 26.600  	 7.870	 VALID
46-7: 	 (2.975, 0.000, 0.400) 	 (3.400, 0.000, 0.400) 	 4.250 	 	 3.380 (T) 	 26.600  	 7.870	 VALID
47-48: 	 (2.975, 0.346, 0.200) 	 (3.188, 0.346, 0.200) 	 2.125 	 	 -6.760 (C) 	 114.025  	 16.868	 VALID
48-8: 	 (3.188, 0.346, 0.200) 	 (3.400, 0.346, 0.200) 	 2.125 	 	 -6.760 (C) 	 114.025  	 16.868	 VALID
45-47: 	 (2.975, 0.000, 0.000) 	 (2.975, 0.346, 0.200) 	 4.000 	 	 0.000   	 N/A 	 	 Inf  	 ZERO-FORCE 
47-46: 	 (2.975, 0.346, 0.200) 	 (2.975, 0.000, 0.400) 	 4.000 	 	 0.000   	 N/A 	 	 Inf  	 ZERO-FORCE 
46-45: 	 (2.975, 0.000, 0.400) 	 (2.975, 0.000, 0.000) 	 4.000 	 	 0.000   	 N/A 	 	 Inf  	 ZERO-FORCE 
48-49: 	 (3.188, 0.346, 0.200) 	 (3.188, 0.173, 0.100) 	 2.002 	 	 0.000   	 N/A 	 	 Inf  	 ZERO-FORCE 
48-50: 	 (3.188, 0.346, 0.200) 	 (3.188, 0.173, 0.300) 	 2.002 	 	 0.000   	 N/A 	 	 Inf  	 ZERO-FORCE 
45-49: 	 (2.975, 0.000, 0.000) 	 (3.188, 0.173, 0.100) 	 2.917 	 	 4.640 (T) 	 39.800  	 8.578	 VALID
49-6: 	 (3.188, 0.173, 0.100) 	 (3.400, 0.000, 0.000) 	 2.917 	 	 -4.640 (C) 	 8.048  	 1.735	 INVALID
47-49: 	 (2.975, 0.346, 0.200) 	 (3.188, 0.173, 0.100) 	 2.919 	 	 -4.640 (C) 	 8.033  	 1.731	 INVALID
49-8: 	 (3.188, 0.173, 0.100) 	 (3.400, 0.346, 0.200) 	 2.919 	 	 4.640 (T) 	 39.800  	 8.578	 VALID
46-50: 	 (2.975, 0.000, 0.400) 	 (3.188, 0.173, 0.300) 	 2.917 	 	 4.640 (T) 	 39.800  	 8.578	 VALID
50-7: 	 (3.188, 0.173, 0.300) 	 (3.400, 0.000, 0.400) 	 2.917 	 	 -4.640 (C) 	 8.048  	 1.735	 INVALID
47-50: 	 (2.975, 0.346, 0.200) 	 (3.188, 0.173, 0.300) 	 2.919 	 	 -4.640 (C) 	 8.033  	 1.731	 INVALID
50-8: 	 (3.188, 0.173, 0.300) 	 (3.400, 0.346, 0.200) 	 2.919 	 	 4.640 (T) 	 39.800  	 8.578	 VALID
6-8: 	 (3.400, 0.000, 0.000) 	 (3.400, 0.346, 0.200) 	 4.000 	 	 -3.180 (C) 	 0.900  	 0.283	 INVALID
8-7: 	 (3.400, 0.346, 0.200) 	 (3.400, 0.000, 0.400) 	 4.000 	 	 -3.180 (C) 	 0.900  	 0.283	 INVALID
7-6: 	 (3.400, 0.000, 0.400) 	 (3.400, 0.000, 0.000) 	 4.000 	 	 3.180 (T) 	 26.600  	 8.365	 VALID

 
Cost Analysis: 
Airplane Glue: $7500 
Strip Type 1: 28.0 36-inch strips needed, costs $28000.0 
Strip Type 2: 0.0 36-inch strips needed, costs $0.0 
Strip Type 3: 1.0 36-inch strips needed, costs $7000.0 
Type 1: 1/16 Strip | Type 2: 1/8 Strip | Type 3: 3/16 Strip 
Gusset Plate Sheets 1 needed, costs $5000 
Total Cost: $47500.0